18704
51105
8517
13166
35759
57945
36691
21408
36194
18568
17728
22335
18223
27135
3315
47761
21837
45915
26759
51115
28068
43056
62599
60506
13813
9637
18681
7440
7242
10176
31099
17647
63075
14429
54949
2700
28878
63079
55143
57470
18855
35324
34463
20157
5912
1914
39871
8309
58169
41940
39850
3921
16404
41124
19619
11248
64374
12843
11290
37165
15650
36142
58108
30585
24467
17095
21472
62762
5373
5289
26953
14893
38249
16857
20649
57256
26682
47624
5067
39108
28887
47485
15726
46975
58550
39043
20986
14588
46531
27714
49659
30477
22671
52174
44139
57953
1759
16229
21035
57437
11898
45437
48528
52111
28349
36288
34810
17333
48799
63898
14083
13639
17892
59527
47776
60932
26694
27863
45115
65285
5598
65375
13389
49905
55800
1742
61147
62191
24191
25969
20297
31899
18151
33600
29710
41291
53214
11627
21131
35121
35270
50513
23938
50636
41141
58031
7424
34057
24148
36887
5126
23403
9767
14858
36388
56784
60486
57363
54505
46498
46882
61636
8605
16884
55141
54631
56957
12338
13024
46297
25340
7550
59897
34509
60283
18635
14129
40362
46546
35802
14297
17846
46106
16456
12439
45193
28094
54359
18877
54285
24348
45908
62313
10448
22830
48477
31151
52360
10282
62624
31345
49028
45278
49303
10923
1664
1063
21768
48334
64160
54627
28835
61142
3765
46969
61523
18940
41108
25424
12018
213
59014
42328
1883
32858
51340
60851
42731
44593
7028
39577
27357
49036
42128
7675
24980
29136
61697
63917
64566
60806
3735
3991
11061
34539
50998
63641
54207
560
5642
31950
62148
44565
8307
5439
11948
4836
18281
47516
16666
46886
43330
32568
57474
33848
11266
34978
25641
9271
27994
64009
42644
40406
35814
36207
61637
58101
62735
42375
26146
47444
20639
32437
19380
43756
24268
11684
4094
43600
33604
16928
33036
2224
43112
7681
40665
52032
50411
51952
53035
32487
17505
30971
26519
20405
52395
60310
61619
28576
51030
15638
48466
6668
60050
18901
24420
45452
62039
14063
48361
22466
19286
19520
32717
52722
40647
22825
60989
38126
48290
10013
58384
58740
6403
55023
19332
52368
65080
9706
39494
8970
18173
26886
10569
14517
16473
60955
51516
30148
36990
30856
27657
19116
19495
48856
46224
808
57026
26054
29313
16578
63214
41152
40815
25948
12699
50405
7704
17472
60809
4102
60274
20825
14427
13615
27913
55203
39260
59999
16232
45784
5407
27459
11299
41551
56451
20901
30715
42182
61770
8574
24652
21554
42813
49951
41607
61026
21057
58716
10791
28937
62643
56010
18586
54867
11715
9133
4219
20568
37276
6438
57560
11870
38242
26823
53315
33841
11110
35151
20573
29582
28918
34091
2945
9820
35541
21620
1470
49125
10268
10817
29245
16531
35159
9962
23886
5115
19219
40455
19282
41410
17520
51827
44104
12311
17285
22523
38112
63383
20211
32886
34553
52650
54803
46220
20125
61641
9223
30268
37923
35645
50617
28624
57925
33248
60439
9331
34323
17963
14921
17242
2284
9072
47149
35470
41019
61127
41905
54895
65022
1537
46179
64952
34374
7369
46004
10985
19226
50462
30301
45693
61425
51987
45139
54404
64037
6218
30977
16216
17185
43819
53524
37764
34105
24014
2785
5582
1027
29201
37326
24262
28239
41122
28922
22206
33069
22838
58822
33982
722
59357
50128
30225
8206
53178
65073
19970
29027
13180
6409
55546
13348
335
59236
30541
660
34657
57343
63844
22974
26962
38994
60445
63318
51931
62455
41029
58191
8690
12322
26216
19038
4124
51963
30706
1683
140
1518
64254
21448
3180
21622
36532
7427
55695
57085
9616
6318
9982
36625
24868
31069
30584
6163
39547
57993
35253
39301
43814
2631
59857
52894
65486
38012
3135
1608
36226
16456
53829
7888
45610
5886
42837
34388
36194
29596
16161
23564
58728
7276
23303
37742
37455
21665
29662
49437
50229
29553
6235
40622
20070
51177
47505
30238
44296
5743
19377
27685
27604
60713
62037
61977
19994
10552
6831
45288
29167
63114
13328
44724
11606
8390
17824
48363
37727
58400
8229
56446
7261
25296
57747
63056
32311
11655
1782
18092
13324
50529
52642
12342
54778
57831
10053
56667
13878
30926
56110
29475
14045
52455
33503
28069
40817
4271
7665
41351
32975
48457
54033
59163
17961
37567
48698
32521
45067
8242
8418
11904
8024
44229
62653
1416
47178
49771
26121
58821
42140
29923
36022
40720
44749
44812
25879
49577
25224
25075
26199
53287
3812
53599
39006
64901
26972
31699
63675
6702
2969
13820
45168
15900
46491
7609
49122
25024
45227
34136
40027
48250
10514
1797
55385
61769
3085
38995
32491
57914
22610
57628
51109
17472
47225
54659
17821
39109
17332
54075
38286
9148
59622
23609
53008
27991
3677
14184
59364
16721
33760
57482
45083
21471
59623
1488
51025
26985
62751
33243
45005
17170
45207
5710
4442
39564
6859
54193
1038
7218
14161
59881
24748
52039
6994
50883
12701
20849
50096
18540
25149
60585
65488
7837
13216
34290
7141
41103
8949
50044
42564
42569
14345
62142
22871
49970
57053
34491
65084
25794
53113
46147
54815
17579
16397
52721
35235
43065
59513
17449
49359
35122
51407
15976
51918
56683
20250
19351
17974
17376
22971
37491
40965
52873
45919
43567
52217
63952
25015
2601
35877
4978
27147
1630
27201
60756
19231
4438
37643
13125
13482
31687
44500
44888
9880
60047
40936
13712
24294
1260
44881
30547
26925
31638
25281
10130
26780
3406
46961
19573
53450
60297
12699
26718
17707
12718
64380
64732
10053
40836
49458
25820
61932
37943
30809
55825
43375
18098
30766
51947
50925
21148
38369
13327
19681
4851
46896
8485
28216
40073
1898
38548
64656
61341
44859
7943
57174
41202
20894
56961
10572
33770
18247
6013
5589
2322
31013
22409
47293
4907
8444
17952
31481
46
41139
13426
29306
55509
1012
54676
9195
55148
51314
57000
34896
21220
54771
981
5884
11600
29673
52202
48103
2376
52736
57210
50152
8377
46807
49988
61752
50510
48966
46876
48148
32605
3228
48308
45722
55346
12318
31357
33096
4142
26916
53527
18525
1104
28877
64281
62039
4648
9601
583
35625
55462
3245
12338
30384
51294
50576
64896
34203
53910
49117
24723
35551
29793
5988
23687
20194
26141
37564
23188
47451
28741
55377
21523
17738
8436
56247
45326
23620
12771
57040
12406
62717
31042
44858
19033
48606
57630
50076
31643
